img_shape: 
   type-id: opencv_matrix
   rows: 2
   cols: 1
   dt: d
   data: [ 480., 640. ]
rms: 3.6096460412938609e+00
camera_intrinsic_matrix:
   type-id: opencv_matrix
   rows: 3
   cols: 3
   dt: d
   data: [ 5.4149720736803681e+02, 0., 3.2934174574367432e+02, 0.,
       5.4067707438670061e+02, 2.2078437756944359e+02, 0., 0., 1. ]
camera_distortion_coefficients:
   type-id: opencv_matrix
   rows: 1
   cols: 5
   dt: d
   data: [ -1.6415532391465060e-01, 1.0774334839777475e-01,
       1.4253737976922841e-03, -3.0791558515188351e-03, 0. ]
proj_shape:
   type-id: opencv_matrix
   rows: 2
   cols: 1
   dt: d
   data: [ 1920., 1080. ]
rms: 3.6096460412938609e+00
projector_intrinsic_matrix:
   type-id: opencv_matrix
   rows: 3
   cols: 3
   dt: d
   data: [ 2.4635570157487482e+03, 0., 4.4926763940516634e+02, 0.,
       2.4419374887036424e+03, 8.2264535778204606e+02, 0., 0., 1. ]
projector_distortion_coefficients:
   type-id: opencv_matrix
   rows: 1
   cols: 5
   dt: d
   data: [ -1.2158163170945133e-01, 6.1110936767720114e-01,
       -1.2133617161012522e-02, -1.4206961099608763e-02, 0. ]
relative_rotation:
   type-id: opencv_matrix
   rows: 3
   cols: 3
   dt: d
   data: [ 9.7188508431417298e-01, 3.8991430451234682e-02,
       -2.3220476144773472e-01, -4.4087882815907600e-02,
       9.9888643959532319e-01, -1.6797005131555597e-02,
       2.3129124816223301e-01, 2.6562175060511027e-02,
       9.7252188118294336e-01 ]
relative_translation:
   type-id: opencv_matrix
   rows: 3
   cols: 1
   dt: d
   data: [ 1.1174051315603506e-01, -4.3246090768225667e-02,
       -4.6865997515543985e-02 ]
E:
   type-id: opencv_matrix
   rows: 3
   cols: 3
   dt: d
   data: [ -1.2068664918436056e+00, 4.5665099162716629e+00,
       -4.2844977948487211e+00, -7.1392966705010057e+00,
       -4.7954433544570096e-01, -9.7787586285747636e+00,
       3.7103827922722723e+00, 1.1330231028546329e+01,
       -1.1918854163267500e+00 ]
R1:
   type-id: opencv_matrix
   rows: 3
   cols: 3
   dt: d
   data: [ 7.7466424508454812e-01, -3.1157198391650354e-01,
       -5.5028920235265499e-01, 2.9077039337336591e-01,
       9.4825058459524603e-01, -1.2756726520652717e-01,
       5.6155844373055708e-01, -6.1186008638482524e-02,
       8.2517173159397950e-01 ]
R2:
   type-id: opencv_matrix
   rows: 3
   cols: 3
   dt: d
   data: [ 8.6851576076730008e-01, -3.3613512559521141e-01,
       -3.6427125969514740e-01, 3.4919078138514870e-01,
       9.3651794726944138e-01, -3.1621711494815206e-02,
       3.5177574034379822e-01, -9.9736210993417382e-02,
       9.3075588460253611e-01 ]
P1:
   type-id: opencv_matrix
   rows: 3
   cols: 4
   dt: d
   data: [ 1.1902644723431542e+04, 0., 1.0231187362670898e+04, 0., 0.,
       1.1902644723431542e+04, 1.1450310180187225e+03, 0., 0., 0., 1.,
       0. ]
P2:
   type-id: opencv_matrix
   rows: 3
   cols: 4
   dt: d
   data: [ 1.1902644723431542e+04, 0., 1.0231187362670898e+04,
       1.5313569302820749e+05, 0., 1.1902644723431542e+04,
       1.1450310180187225e+03, 0., 0., 0., 1., 0. ]
Q:
   type-id: opencv_matrix
   rows: 4
   cols: 4
   dt: d
   data: [ 1., 0., 0., -1.0231187362670898e+04, 0., 1., 0.,
       -1.1450310180187225e+03, 0., 0., 0., 1.1902644723431542e+04, 0.,
       0., -7.7726129604801422e-02, 0. ]
F:
   type-id: opencv_matrix
   rows: 3
   cols: 3
   dt: d
   data: [ 1.6998544512449351e-07, -6.4416211404462997e-07,
       4.1301249941867984e-04, 1.0144625339049060e-06,
       6.8244493432928863e-08, 4.0324816617283730e-04,
       -2.1983721431009045e-03, -3.7041635749554564e-03, 1. ]
validPixROI1:
   type-id: opencv_matrix
   rows: 4
   cols: 1
   dt: d
   data: [ 0., 0., 1920., 1080. ]
validPixROI2:
   type-id: opencv_matrix
   rows: 4
   cols: 1
   dt: d
   data: [ 0., 0., 0., 0. ]
black_thr: 0
white_thr: 0
patch_size_half: 13
alpha: 5.0000000000000000e-01